1 36.82 -98.23 3.32 2014/04/07 03:25 263 56
1 36.59 -98.32 3.39 2014/05/30 21:42 48 80
1 36.64 -98.24 3.32 2014/07/25 04:56 239 75
1 36.83 -98.25 3.47 2014/08/18 01:25 290 65
1 36.52 -98.98 3.37 2014/10/31 06:23 240 60
1 36.87 -98.33 3.67 2014/11/24 19:05 246 52
1 36.87 -98.16 3.84 2014/12/14 09:14 275 65
1 36.77 -98.18 3.66 2015/01/19 10:19 290 85
1 36.8 -98.34 3.39 2015/01/24 15:36 44 76
1 36.81 -98.37 3.65 2015/01/30 14:24 48 71
1 36.52 -98.18 3.4 2015/02/05 07:06 55 76
1 36.79 -98.27 4.12 2015/02/05 15:08 295 80
1 36.47 -98.18 3.18 2015/04/03 02:16 230 90
1 36.54 -98.98 3.71 2015/05/01 07:32 238 81
1 36.59 -98.36 3.44 2015/05/22 10:57 290 85
1 36.72 -98.19 3.4 2015/06/27 03:31 60 70
1 36.66 -98.15 3.38 2015/06/28 01:35 219 72
1 36.65 -98.23 3.8 2015/07/10 23:09 115 80
1 36.5 -98.44 3.52 2015/07/17 12:30 218 80
1 36.85 -98.2 3.59 2015/07/20 20:54 265 50
1 36.82 -98.25 3.12 2015/07/21 11:16 265 55
1 36.61 -98.4 3.45 2015/07/24 12:31 120 80
1 36.8 -98.23 3.43 2015/08/20 00:47 260 50
1 36.48 -98.5 3.5 2015/09/02 13:50 55 90
1 36.5 -98.93 3.62 2015/09/16 04:48 258 45
1 36.61 -98.15 3.48 2015/10/02 05:58 280 80
1 36.45 -98.73 4.29 2015/11/15 09:45 305 80
1 36.66 -98.46 4.64 2015/11/19 07:42 221 80
1 36.63 -98.45 3.3 2015/11/19 12:03 56 75
1 36.83 -98.29 4.29 2015/11/23 21:17 255 50
1 36.82 -98.29 3.25 2015/11/24 00:54 224 60
1 36.83 -98.26 3.18 2015/12/04 05:08 80 65
1 36.45 -98.69 3.94 2015/12/06 01:01 305 75
1 36.48 -98.73 4.42 2016/01/07 04:27 48 81
1 36.49 -98.71 4.75 2016/01/07 04:27 43 80
1 36.47 -98.67 3.59 2016/01/07 08:37 47 80
1 36.48 -98.7 3.59 2016/01/07 19:59 45 85
1 36.5 -98.67 3.81 2016/01/08 13:36 225 90
1 36.46 -98.67 3.44 2016/01/11 02:01 59 70
1 36.49 -98.68 3.77 2016/01/19 20:45 300 75
1 36.4905 -98.741 5.1 2016/02/13 17:07 47 72
2 36.57 -97.62 3.49 2014/05/08 20:40 100 70
2 36.56 -97.59 3.85 2014/05/09 18:52 90 80
2 36.68 -97.82 3.93 2014/06/20 23:10 71 57
2 36.83 -97.85 3.36 2014/06/23 13:44 295 85
2 36.83 -97.7 3.23 2014/06/26 14:02 315 90
2 36.72 -97.81 3.73 2014/06/27 22:35 110 60
2 36.7 -97.86 3.94 2014/07/14 07:15 100 60
2 36.73 -97.99 4.26 2014/07/29 02:46 305 65
2 36.74 -98.02 3.08 2014/08/01 14:19 300 60
2 36.73 -98.03 3.15 2014/08/01 14:44 125 80
2 36.84 -97.84 3.47 2014/08/17 06:18 295 90
2 36.84 -97.83 3.26 2014/08/17 06:31 295 90
2 36.83 -97.85 3.29 2014/08/17 15:59 300 80
2 36.59 -97.99 3.36 2014/08/31 07:20 120 70
2 36.62 -97.69 3.46 2014/09/06 18:53 236 85
2 36.81 -97.72 3.7 2014/09/08 16:21 60 45
2 36.61 -97.95 3.43 2014/09/14 12:01 125 75
2 36.58 -97.6 3.71 2014/09/19 01:31 71 61
2 36.79 -97.72 3.66 2014/11/25 14:43 110 85
2 36.58 -97.61 3.93 2014/11/30 10:24 75 85
2 36.75 -98.04 3.63 2014/12/11 07:53 305 65
2 36.92 -97.63 3.36 2015/01/20 15:27 65 90
2 36.94 -97.6 3.62 2015/01/25 09:36 60 80
2 36.63 -97.7 3.89 2015/01/27 15:58 71 61
2 36.95 -97.62 3.67 2015/02/01 18:06 60 85
2 36.95 -97.62 3.42 2015/02/13 17:42 288 50
2 36.59 -97.63 3.66 2015/03/07 21:11 260 80
2 36.6 -97.67 3.14 2015/03/07 22:46 258 86
2 36.74 -97.52 3.33 2015/03/10 04:21 110 85
2 36.61 -97.67 3.86 2015/03/12 20:34 245 90
2 36.59 -97.61 3.79 2015/03/17 23:45 85 85
2 36.62 -97.64 3.84 2015/03/23 23:29 71 75
2 36.58 -97.62 3.36 2015/03/25 00:15 80 80
2 36.62 -97.65 3.82 2015/04/06 15:30 65 85
2 36.91 -97.64 3.34 2015/04/18 18:34 52 80
2 36.82 -97.86 3.37 2015/04/20 12:08 61 85
2 36.61 -97.65 3.63 2015/04/23 06:20 312 61
2 36.99 -97.94 3.59 2015/04/28 22:18 70 68
2 36.83 -97.69 3.21 2015/05/23 10:46 231 85
2 36.93 -97.62 3.43 2015/06/02 07:55 76 42
2 36.67 -97.84 3.31 2015/08/01 20:28 275 65
2 36.83 -97.8 3.99 2015/08/14 21:25 120 85
2 36.82 -97.78 3.8 2015/08/22 08:46 125 75
2 36.88 -97.64 3.38 2015/09/10 19:26 100 55
2 36.71 -97.91 4.33 2015/10/10 09:20 95 50
2 36.69 -97.93 3.39 2015/10/10 15:20 95 45
2 36.71 -97.82 3.12 2015/10/19 04:55 50 90
2 36.92 -97.84 4.18 2015/11/07 11:11 90 65
2 36.93 -97.82 3.75 2015/11/07 18:29 100 60
2 36.93 -97.81 3.5 2015/11/11 01:39 100 65
2 36.93 -97.82 3.97 2015/11/20 22:40 85 60
2 36.91 -97.82 3.46 2015/11/20 22:55 90 60
2 36.91 -97.8 3.11 2015/11/26 00:56 260 75
2 36.75 -98.02 4.67 2015/11/30 09:49 305 80
2 36.92 -97.81 3.27 2015/11/30 21:28 265 70
2 36.93 -97.8 3.63 2015/12/08 00:08 80 60
2 36.73 -97.97 3.46 2015/12/25 19:12 130 70
2 36.93 -97.8 3.47 2016/01/14 23:15 85 60
2 36.91 -97.64 3.47 2016/01/24 10:01 112 41
2 36.9 -97.98 3.21 2016/01/26 06:24 305 85
2 36.81 -97.77 3.36 2016/02/06 20:39 48 85
3 35.9 -97.31 3.65 2016/12/29 08:14 300 85
3 35.88 -97.26 4.07 2014/02/09 02:16 305 80
3 35.78 -97.47 3.71 2014/02/17 04:54 300 70
3 36.04 -97.33 3.45 2014/02/23 09:15 220 90
3 35.9 -97.27 3.59 2014/03/11 12:55 220 71
3 35.83 -97.25 3.81 2014/03/22 03:05 115 85
3 36.14 -97.59 4.23 2014/03/30 06:51 44 85
3 36.14 -97.62 3.26 2014/03/30 08:07 227 66
3 36.13 -97.64 3.31 2014/03/30 08:10 226 61
3 36.14 -97.62 3.87 2014/03/30 08:42 40 80
3 36.13 -97.65 4.04 2014/03/30 14:09 44 70
3 35.89 -97.28 3.11 2014/04/04 18:54 245 85
3 36.13 -97.63 3.77 2014/04/05 12:42 40 85
3 35.92 -97.26 3.7 2014/04/06 14:58 230 80
3 35.88 -97.19 4.16 2014/04/07 16:03 240 85
3 35.79 -97.47 4 2014/04/10 07:33 39 67
3 35.78 -97.47 3.48 2014/04/10 08:19 305 90
3 36.26 -97.24 3.77 2014/04/12 05:32 227 74
3 36.27 -97.25 3.77 2014/04/19 10:43 224 76
3 35.79 -97.48 3.37 2014/05/15 20:23 300 80
3 35.79 -97.48 3.63 2014/05/22 02:46 105 75
3 35.98 -97.18 3.24 2014/06/18 14:08 95 65
3 35.99 -97.18 3.34 2014/06/20 14:46 95 45
3 35.8 -97.48 3.54 2014/06/26 05:26 290 65
3 35.79 -97.49 3.49 2014/06/26 05:38 300 75
3 35.79 -97.51 3.25 2014/06/26 06:13 285 85
3 35.89 -97.26 3.61 2014/06/26 23:28 110 80
3 35.91 -97.3 3.65 2014/06/27 15:09 95 75
3 35.87 -97.27 4.05 2014/07/12 17:11 220 80
3 35.87 -97.31 3.26 2014/07/14 16:50 233 80
3 35.9 -97.31 3.27 2014/07/23 02:02 100 85
3 35.88 -97.31 2.92 2014/07/23 14:03 105 90
3 35.83 -97.42 3.36 2014/08/04 15:30 300 90
3 35.82 -97.41 3.34 2014/08/08 20:21 305 85
3 35.82 -97.47 4.32 2014/08/19 12:41 300 70
3 35.84 -97.43 3.03 2014/08/23 11:06 115 85
3 35.84 -97.47 3.07 2014/08/26 16:05 290 70
3 36.2 -97.42 3.25 2014/09/04 23:32 300 85
3 36.2 -97.42 3.37 2014/09/09 09:06 305 85
3 36.17 -97.27 3.67 2014/09/12 14:41 295 70
3 35.82 -97.43 3.86 2014/09/15 20:08 300 75
3 36.18 -97.25 3.34 2014/09/17 13:21 295 65
3 36.2 -97.27 3.67 2014/09/18 07:12 300 90
3 35.82 -97.42 3.55 2014/09/19 17:23 40 76
3 35.84 -97.44 3.36 2014/09/27 12:14 44 72
3 36.23 -97.56 3.96 2014/09/30 03:01 120 80
3 36.21 -97.55 3.2 2014/09/30 06:06 295 80
3 36.17 -97.28 3.28 2014/10/08 19:44 285 60
3 36.05 -97.26 3.31 2014/10/30 18:57 235 85
3 36.06 -97.25 2.99 2014/11/01 06:03 240 80
3 36.33 -97.53 3.69 2014/11/24 06:36 65 90
3 35.84 -97.43 3.34 2014/11/25 22:04 280 60
3 35.82 -97.45 3.6 2014/12/07 22:13 47 80
3 36.16 -97.47 3.41 2014/12/18 23:06 250 85
3 35.83 -97.42 3.52 2014/12/25 20:32 48 66
3 35.84 -97.44 3.59 2015/01/04 21:37 285 50
3 36.26 -97.26 3.61 2015/01/05 22:06 290 90
3 36.26 -97.28 3.71 2015/01/05 22:27 105 85
3 35.82 -97.43 3.71 2015/01/07 19:41 285 60
3 35.83 -97.43 3.53 2015/01/09 06:44 57 62
3 35.82 -97.42 3.37 2015/01/11 10:28 105 80
3 36.26 -97.27 4.24 2015/01/27 11:31 105 90
3 36.27 -97.28 3.8 2015/02/07 18:40 110 80
3 35.87 -97.34 3.5 2015/02/16 09:50 120 55
3 35.83 -97.44 3.69 2015/03/09 03:24 229 67
3 35.85 -97.44 3.14 2015/03/09 10:48 53 56
3 36.27 -97.29 3.28 2015/03/21 19:58 100 90
3 36.13 -97.58 3.42 2015/03/23 20:16 242 52
3 36.34 -97.17 3.58 2015/03/24 00:27 120 90
3 36.15 -97.54 3.64 2015/04/04 00:49 100 45
3 36.13 -97.57 3.3 2015/04/04 05:02 115 45
3 36.33 -97.52 3.35 2015/04/04 08:35 255 85
3 36.13 -97.57 4.01 2015/04/04 13:21 72 42
3 36.33 -97.52 3.45 2015/04/07 17:25 80 90
3 35.85 -97.42 4.07 2015/04/08 20:51 295 75
3 35.94 -97.33 3.49 2015/04/17 08:37 110 80
3 35.94 -97.34 3.67 2015/04/17 09:08 295 90
3 35.94 -97.34 4.09 2015/04/19 05:27 115 90
3 35.94 -97.34 3.45 2015/04/19 06:28 95 40
3 36.28 -97.52 3.45 2015/04/26 19:07 285 80
3 35.94 -97.36 4.07 2015/04/27 22:22 115 85
3 36.29 -97.53 3.75 2015/04/29 16:42 45 71
3 35.83 -97.46 3.41 2015/05/18 02:52 229 72
3 36.16 -97.3 3.44 2015/05/28 12:00 285 85
3 36.28 -97.54 3.84 2015/06/08 21:36 125 75
3 36.29 -97.52 3.65 2015/06/09 01:26 42 71
3 36.3 -97.53 3.37 2015/06/10 13:05 233 61
3 36.28 -97.55 3.45 2015/06/11 23:28 290 90
3 36.29 -97.51 3.65 2015/06/11 23:31 295 85
3 36.29 -97.54 3.59 2015/06/12 04:38 120 65
3 36.27 -97.39 3.29 2015/06/13 20:54 305 85
3 36.29 -97.52 3.84 2015/06/14 18:17 47 80
3 36.29 -97.53 3.34 2015/06/14 19:10 67 52
3 36.29 -97.52 4.17 2015/06/17 19:17 60 54
3 36.22 -97.56 3.41 2015/06/22 04:54 290 90
3 36.28 -97.51 3.44 2015/07/03 05:19 44 63
3 36.28 -97.51 3.14 2015/07/04 11:57 231 80
3 36 -97.57 3.42 2015/07/15 08:57 120 80
3 36.29 -97.61 3.21 2015/07/21 08:46 238 57
3 36 -97.57 3.62 2015/07/25 11:14 280 75
3 36.01 -97.57 3.6 2015/07/26 09:54 280 65
3 36 -97.57 3.84 2015/07/27 17:49 95 90
3 36.01 -97.58 4.47 2015/07/27 18:12 100 80
3 36 -97.58 4.13 2015/07/28 01:18 275 80
3 36.28 -97.53 3.2 2015/08/05 14:23 235 80
3 36.28 -97.52 3.11 2015/08/13 04:15 230 75
3 36.09 -97.24 3.3 2015/08/13 20:02 45 85
3 36.29 -97.53 3.31 2015/08/20 08:28 45 85
3 36.05 -97.15 3.2 2015/08/23 16:21 240 90
3 36.05 -97.14 3.23 2015/08/25 12:59 58 80
3 36.19 -97.48 3.36 2015/09/09 03:42 120 75
3 36.26 -97.24 3.65 2015/10/01 05:56 110 85
3 36.32 -97.55 3.39 2015/10/11 10:27 65 90
3 36.09 -97.58 3.47 2015/10/30 20:20 55 85
3 35.94 -97.35 3.92 2015/11/02 16:57 251 85
3 36.13 -97.64 3.32 2015/11/18 12:08 295 70
3 36.09 -97.58 3.54 2015/11/19 14:24 51 80
4 35.82 -96.82 3.3 2010/12/19 05:05 280 45
4 35.94 -96.91 3.54 2014/02/01 09:08 120 85
4 35.83 -96.92 3.63 2014/02/10 23:37 120 90
4 35.97 -96.93 3.45 2014/03/19 20:15 295 85
4 35.82 -96.94 3.26 2014/05/01 10:04 110 80
4 36.39 -96.78 3.47 2014/09/24 05:49 95 60
4 35.95 -96.78 3.91 2014/10/07 16:51 100 90
4 35.96 -96.77 4.16 2014/10/10 13:51 280 90
4 35.78 -97.09 3.2 2014/10/10 16:18 285 80
4 36.03 -97.09 3.81 2014/11/09 20:10 39 78
4 36.04 -97.09 3.67 2014/12/05 03:54 300 85
4 36.36 -96.78 3.87 2014/12/14 21:18 55 71
4 36.36 -97.1 3.59 2015/03/21 10:08 120 80
4 35.85 -97.04 3.63 2015/03/23 17:17 65 90
4 36.31 -96.69 3.54 2015/06/12 22:42 236 85
4 36.11 -97.11 3.43 2015/07/01 17:15 300 70
4 36.29 -96.88 3.35 2015/07/04 01:05 65 90
4 36.04 -97.11 3.57 2015/07/11 09:23 295 85
4 35.97 -96.8 3.27 2015/09/02 14:01 60 85
4 36 -96.8 3.66 2015/09/16 02:30 245 90
4 36.34 -96.79 3.19 2015/09/16 12:09 242 80
4 36 -96.81 3.21 2015/09/18 09:16 240 90
4 36.01 -96.84 3.99 2015/09/18 12:35 240 90
4 35.99 -96.84 3.87 2015/09/25 01:16 55 85
4 36 -96.78 3.09 2015/09/25 01:59 245 90
4 36.01 -96.82 4.21 2015/10/10 22:03 60 90
4 36 -96.82 3.34 2015/11/10 13:36 240 90
5 35.59 -97.26 3.81 2010/01/15 15:18 55 65
5 35.57 -97.28 3.67 2010/01/15 15:27 42 60
5 35.57 -97.28 3.61 2010/01/24 07:14 115 85
5 35.53 -97.3 3.17 2010/02/13 05:30 57 80
5 35.56 -97.3 3.01 2010/02/15 03:32 228 71
5 35.63 -97.22 3.38 2010/09/16 21:41 285 85
5 35.59 -97.21 3.47 2010/09/19 22:01 285 70
5 35.2 -97.31 4.33 2010/10/13 14:06 120 80
5 35.63 -97.25 3.93 2010/11/24 22:48 280 90
5 35.61 -97.39 3.52 2013/11/02 09:36 285 65
5 35.59 -97.39 3.41 2013/11/02 14:19 290 60
5 35.59 -97.35 3.65 2013/11/05 04:01 295 90
5 35.63 -97.34 4.48 2013/12/07 18:10 110 70
5 35.64 -97.38 3.35 2014/03/05 14:17 100 60
5 35.74 -97.56 3 2014/03/25 14:01 41 85
5 35.5 -97.22 3.42 2014/03/30 03:08 235 85
5 35.77 -97.5 3.67 2014/04/20 19:07 105 70
5 35.59 -97.4 3.23 2014/05/02 19:44 105 80
5 35.53 -97.22 3.37 2014/05/20 07:30 252 69
5 35.49 -97.25 3.73 2014/05/31 10:18 241 85
5 35.5 -97.24 3.48 2014/06/01 19:54 245 90
5 35.59 -97.41 3.47 2014/06/16 10:31 110 75
5 35.58 -97.33 4.28 2014/06/16 10:47 105 65
5 35.61 -97.37 4.04 2014/06/18 10:53 110 65
5 35.53 -97.14 3.69 2014/07/15 07:19 110 85
5 35.73 -97.4 3.31 2014/07/30 16:21 240 65
5 35.61 -97.39 3.21 2014/08/04 18:23 95 70
5 35.76 -97.5 3.22 2014/10/13 12:24 125 70
5 35.73 -97.53 3.13 2014/10/29 16:53 250 90
5 35.69 -97.38 3.32 2014/11/30 12:18 110 80
5 35.7 -97.37 3.41 2014/12/02 12:04 110 80
5 35.65 -97.26 3.29 2015/03/08 16:48 62 75
5 35.77 -97.42 3.97 2015/06/20 05:10 44 63
5 35.76 -97.41 3.31 2015/06/20 10:56 295 75
5 35.76 -97.38 3.42 2015/06/20 11:21 285 65
5 35.75 -97.38 3.23 2015/06/22 04:00 285 90
5 35.76 -97.4 3.36 2015/06/22 21:06 40 75
5 35.77 -97.41 3.83 2015/06/22 22:16 285 70
5 35.75 -97.39 3.36 2015/06/26 04:35 231 76
5 35.75 -97.39 3.61 2015/06/26 05:54 229 76
5 35.69 -97.39 3.44 2015/08/30 12:19 280 70
5 35.68 -97.4 4.26 2015/12/29 11:39 125 85
5 35.69 -97.43 4.25 2016/01/01 11:39 120 85
5 35.76 -97.37 3.28 2016/01/02 20:26 300 85
6 35.54 -96.75 4.15 2010/02/27 22:22 306 70
6 35.54 -96.74 3.66 2010/03/22 02:37 58 86
6 35.39 -97 3.2 2010/12/12 01:07 46 85
6 35.43 -96.53 3.21 2011/03/31 05:41 300 85
6 35.57 -96.7 4.7 2011/11/05 07:12 300 80
6 35.54 -96.75 5.59 2011/11/06 03:53 235 85
6 35.56 -96.87 3.69 2011/11/06 06:31 234 86
6 35.51 -96.86 3.65 2011/11/06 09:39 50 80
6 35.57 -96.8 3.55 2011/11/06 10:52 232 80
6 35.53 -96.91 3.74 2011/11/06 15:07 51 75
6 35.55 -96.82 3.43 2011/11/06 17:52 54 85
6 35.52 -96.79 3.2 2011/11/07 01:17 246 80
6 35.51 -96.8 3.24 2011/11/07 01:26 230 75
6 35.54 -96.75 4.83 2011/11/08 02:46 95 90
6 35.54 -96.8 3.47 2011/11/08 19:05 40 65
6 35.53 -96.74 3.44 2011/11/24 21:11 225 65
6 35.56 -96.76 3.72 2012/04/16 08:12 120 90
6 35.44 -96.53 3.52 2013/01/04 01:59 300 60
6 35.69 -97.09 4.46 2013/04/16 06:56 50 65
6 35.68 -97.1 4.24 2013/04/16 10:16 58 75
6 35.56 -97.12 3.81 2014/07/15 09:08 98 50
6 35.37 -96.49 3.53 2014/08/18 02:50 155 65
6 35.76 -97.09 3.2 2014/10/08 01:48 110 85
6 35.34 -96.53 3.59 2014/11/13 01:28 290 80
6 35.53 -96.76 3.51 2014/11/30 06:59 225 90
7 37.12 -97.78 3.7 2013/12/16 15:09 192 61
7 37.13 -97.77 3.57 2014/02/03 09:03 195 50
7 37.07 -97.79 3.03 2014/07/09 02:10 205 85
7 37.12 -97.79 3.17 2014/07/17 10:40 248 50
7 37.27 -97.6 3.39 2014/09/08 12:56 99 63
7 37.24 -97.97 3.63 2014/09/30 14:55 255 45
7 37.24 -97.9 4.31 2014/10/02 18:01 245 45
7 37.27 -97.62 4.78 2014/11/12 21:40 295 80
7 37.19 -97.89 3.57 2015/01/19 09:54 300 80
7 37.19 -97.89 3.36 2015/01/29 20:21 300 90
7 37.2 -97.9 3.42 2015/02/04 13:20 295 60
7 37.18 -97.91 3.55 2015/02/15 18:27 271 85
7 37.03 -97.91 3.55 2015/05/30 11:21 290 50
7 37.21 -98.01 3.96 2015/06/05 23:12 235 41
7 37.03 -97.93 3.43 2015/10/17 12:12 260 40
7 37.05 -97.94 3.4 2015/10/17 13:20 280 35
7 37.15 -97.61 3.4 2015/10/30 04:37 90 70
7 37.09 -97.62 3.5 2015/11/09 22:42 115 75