Dip
56
80
75
65
60
52
65
85
76
71
76
80
90
81
85
70
72
80
80
50
55
80
50
90
45
80
80
80
75
50
60
65
75
81
80
80
85
90
70
75
72
70
80
57
85
90
60
60
65
60
80
90
90
80
70
85
45
75
61
85
85
65
90
80
61
85
50
80
86
85
90
85
75
80
85
80
85
61
68
85
42
65
85
75
55
50
45
90
65
60
65
60
60
75
80
70
60
70
60
41
85
85
85
80
70
90
71
85
85
66
61
80
70
85
85
80
85
67
90
74
76
80
75
65
45
65
75
85
80
75
80
80
85
90
90
85
70
85
70
85
85
70
75
65
90
76
72
80
80
60
85
80
90
60
80
85
66
50
90
85
60
62
80
90
80
55
67
56
90
52
90
45
45
85
42
90
75
80
90
90
40
80
85
71
72
85
75
71
61
90
85
65
85
80
52
54
90
63
80
80
57
75
65
90
80
80
80
75
85
85
90
80
75
85
90
85
85
70
80
45
85
90
85
80
60
90
90
80
78
85
71
80
90
85
70
90
85
85
90
80
90
90
85
90
90
90
65
60
85
80
71
85
70
80
90
65
60
90
70
60
85
85
70
80
69
85
90
75
65
65
85
65
70
70
90
80
80
75
63
75
65
90
75
70
76
76
70
85
85
85
70
86
85
85
80
85
86
80
80
75
85
80
75
90
65
65
90
60
65
75
50
65
85
80
90
61
50
85
50
63
45
45
80
80
90
60
85
50
41
40
35
70
75
