Latitude
36.82
36.59
36.64
36.83
36.52
36.87
36.87
36.77
36.8
36.81
36.52
36.79
36.47
36.54
36.59
36.72
36.66
36.65
36.5
36.85
36.82
36.61
36.8
36.48
36.5
36.61
36.45
36.66
36.63
36.83
36.82
36.83
36.45
36.48
36.49
36.47
36.48
36.5
36.46
36.49
36.4905
36.57
36.56
36.68
36.83
36.83
36.72
36.7
36.73
36.74
36.73
36.84
36.84
36.83
36.59
36.62
36.81
36.61
36.58
36.79
36.58
36.75
36.92
36.94
36.63
36.95
36.95
36.59
36.6
36.74
36.61
36.59
36.62
36.58
36.62
36.91
36.82
36.61
36.99
36.83
36.93
36.67
36.83
36.82
36.88
36.71
36.69
36.71
36.92
36.93
36.93
36.93
36.91
36.91
36.75
36.92
36.93
36.73
36.93
36.91
36.9
36.81
35.9
35.88
35.78
36.04
35.9
35.83
36.14
36.14
36.13
36.14
36.13
35.89
36.13
35.92
35.88
35.79
35.78
36.26
36.27
35.79
35.79
35.98
35.99
35.8
35.79
35.79
35.89
35.91
35.87
35.87
35.9
35.88
35.83
35.82
35.82
35.84
35.84
36.2
36.2
36.17
35.82
36.18
36.2
35.82
35.84
36.23
36.21
36.17
36.05
36.06
36.33
35.84
35.82
36.16
35.83
35.84
36.26
36.26
35.82
35.83
35.82
36.26
36.27
35.87
35.83
35.85
36.27
36.13
36.34
36.15
36.13
36.33
36.13
36.33
35.85
35.94
35.94
35.94
35.94
36.28
35.94
36.29
35.83
36.16
36.28
36.29
36.3
36.28
36.29
36.29
36.27
36.29
36.29
36.29
36.22
36.28
36.28
36
36.29
36
36.01
36
36.01
36
36.28
36.28
36.09
36.29
36.05
36.05
36.19
36.26
36.32
36.09
35.94
36.13
36.09
35.82
35.94
35.83
35.97
35.82
36.39
35.95
35.96
35.78
36.03
36.04
36.36
36.36
35.85
36.31
36.11
36.29
36.04
35.97
36
36.34
36
36.01
35.99
36
36.01
36
35.59
35.57
35.57
35.53
35.56
35.63
35.59
35.2
35.63
35.61
35.59
35.59
35.63
35.64
35.74
35.5
35.77
35.59
35.53
35.49
35.5
35.59
35.58
35.61
35.53
35.73
35.61
35.76
35.73
35.69
35.7
35.65
35.77
35.76
35.76
35.75
35.76
35.77
35.75
35.75
35.69
35.68
35.69
35.76
35.54
35.54
35.39
35.43
35.57
35.54
35.56
35.51
35.57
35.53
35.55
35.52
35.51
35.54
35.54
35.53
35.56
35.44
35.69
35.68
35.56
35.37
35.76
35.34
35.53
37.12
37.13
37.07
37.12
37.27
37.24
37.24
37.27
37.19
37.19
37.2
37.18
37.03
37.21
37.03
37.05
37.15
37.09
