Longitude
-98.23
-98.32
-98.24
-98.25
-98.98
-98.33
-98.16
-98.18
-98.34
-98.37
-98.18
-98.27
-98.18
-98.98
-98.36
-98.19
-98.15
-98.23
-98.44
-98.2
-98.25
-98.4
-98.23
-98.5
-98.93
-98.15
-98.73
-98.46
-98.45
-98.29
-98.29
-98.26
-98.69
-98.73
-98.71
-98.67
-98.7
-98.67
-98.67
-98.68
-98.741
-97.62
-97.59
-97.82
-97.85
-97.7
-97.81
-97.86
-97.99
-98.02
-98.03
-97.84
-97.83
-97.85
-97.99
-97.69
-97.72
-97.95
-97.6
-97.72
-97.61
-98.04
-97.63
-97.6
-97.7
-97.62
-97.62
-97.63
-97.67
-97.52
-97.67
-97.61
-97.64
-97.62
-97.65
-97.64
-97.86
-97.65
-97.94
-97.69
-97.62
-97.84
-97.8
-97.78
-97.64
-97.91
-97.93
-97.82
-97.84
-97.82
-97.81
-97.82
-97.82
-97.8
-98.02
-97.81
-97.8
-97.97
-97.8
-97.64
-97.98
-97.77
-97.31
-97.26
-97.47
-97.33
-97.27
-97.25
-97.59
-97.62
-97.64
-97.62
-97.65
-97.28
-97.63
-97.26
-97.19
-97.47
-97.47
-97.24
-97.25
-97.48
-97.48
-97.18
-97.18
-97.48
-97.49
-97.51
-97.26
-97.3
-97.27
-97.31
-97.31
-97.31
-97.42
-97.41
-97.47
-97.43
-97.47
-97.42
-97.42
-97.27
-97.43
-97.25
-97.27
-97.42
-97.44
-97.56
-97.55
-97.28
-97.26
-97.25
-97.53
-97.43
-97.45
-97.47
-97.42
-97.44
-97.26
-97.28
-97.43
-97.43
-97.42
-97.27
-97.28
-97.34
-97.44
-97.44
-97.29
-97.58
-97.17
-97.54
-97.57
-97.52
-97.57
-97.52
-97.42
-97.33
-97.34
-97.34
-97.34
-97.52
-97.36
-97.53
-97.46
-97.3
-97.54
-97.52
-97.53
-97.55
-97.51
-97.54
-97.39
-97.52
-97.53
-97.52
-97.56
-97.51
-97.51
-97.57
-97.61
-97.57
-97.57
-97.57
-97.58
-97.58
-97.53
-97.52
-97.24
-97.53
-97.15
-97.14
-97.48
-97.24
-97.55
-97.58
-97.35
-97.64
-97.58
-96.82
-96.91
-96.92
-96.93
-96.94
-96.78
-96.78
-96.77
-97.09
-97.09
-97.09
-96.78
-97.1
-97.04
-96.69
-97.11
-96.88
-97.11
-96.8
-96.8
-96.79
-96.81
-96.84
-96.84
-96.78
-96.82
-96.82
-97.26
-97.28
-97.28
-97.3
-97.3
-97.22
-97.21
-97.31
-97.25
-97.39
-97.39
-97.35
-97.34
-97.38
-97.56
-97.22
-97.5
-97.4
-97.22
-97.25
-97.24
-97.41
-97.33
-97.37
-97.14
-97.4
-97.39
-97.5
-97.53
-97.38
-97.37
-97.26
-97.42
-97.41
-97.38
-97.38
-97.4
-97.41
-97.39
-97.39
-97.39
-97.4
-97.43
-97.37
-96.75
-96.74
-97
-96.53
-96.7
-96.75
-96.87
-96.86
-96.8
-96.91
-96.82
-96.79
-96.8
-96.75
-96.8
-96.74
-96.76
-96.53
-97.09
-97.1
-97.12
-96.49
-97.09
-96.53
-96.76
-97.78
-97.77
-97.79
-97.79
-97.6
-97.97
-97.9
-97.62
-97.89
-97.89
-97.9
-97.91
-97.91
-98.01
-97.93
-97.94
-97.61
-97.62
