Magnitude
3.32
3.39
3.32
3.47
3.37
3.67
3.84
3.66
3.39
3.65
3.4
4.12
3.18
3.71
3.44
3.4
3.38
3.8
3.52
3.59
3.12
3.45
3.43
3.5
3.62
3.48
4.29
4.64
3.3
4.29
3.25
3.18
3.94
4.42
4.75
3.59
3.59
3.81
3.44
3.77
5.1
3.49
3.85
3.93
3.36
3.23
3.73
3.94
4.26
3.08
3.15
3.47
3.26
3.29
3.36
3.46
3.7
3.43
3.71
3.66
3.93
3.63
3.36
3.62
3.89
3.67
3.42
3.66
3.14
3.33
3.86
3.79
3.84
3.36
3.82
3.34
3.37
3.63
3.59
3.21
3.43
3.31
3.99
3.8
3.38
4.33
3.39
3.12
4.18
3.75
3.5
3.97
3.46
3.11
4.67
3.27
3.63
3.46
3.47
3.47
3.21
3.36
3.65
4.07
3.71
3.45
3.59
3.81
4.23
3.26
3.31
3.87
4.04
3.11
3.77
3.7
4.16
4
3.48
3.77
3.77
3.37
3.63
3.24
3.34
3.54
3.49
3.25
3.61
3.65
4.05
3.26
3.27
2.92
3.36
3.34
4.32
3.03
3.07
3.25
3.37
3.67
3.86
3.34
3.67
3.55
3.36
3.96
3.2
3.28
3.31
2.99
3.69
3.34
3.6
3.41
3.52
3.59
3.61
3.71
3.71
3.53
3.37
4.24
3.8
3.5
3.69
3.14
3.28
3.42
3.58
3.64
3.3
3.35
4.01
3.45
4.07
3.49
3.67
4.09
3.45
3.45
4.07
3.75
3.41
3.44
3.84
3.65
3.37
3.45
3.65
3.59
3.29
3.84
3.34
4.17
3.41
3.44
3.14
3.42
3.21
3.62
3.6
3.84
4.47
4.13
3.2
3.11
3.3
3.31
3.2
3.23
3.36
3.65
3.39
3.47
3.92
3.32
3.54
3.3
3.54
3.63
3.45
3.26
3.47
3.91
4.16
3.2
3.81
3.67
3.87
3.59
3.63
3.54
3.43
3.35
3.57
3.27
3.66
3.19
3.21
3.99
3.87
3.09
4.21
3.34
3.81
3.67
3.61
3.17
3.01
3.38
3.47
4.33
3.93
3.52
3.41
3.65
4.48
3.35
3
3.42
3.67
3.23
3.37
3.73
3.48
3.47
4.28
4.04
3.69
3.31
3.21
3.22
3.13
3.32
3.41
3.29
3.97
3.31
3.42
3.23
3.36
3.83
3.36
3.61
3.44
4.26
4.25
3.28
4.15
3.66
3.2
3.21
4.7
5.59
3.69
3.65
3.55
3.74
3.43
3.2
3.24
4.83
3.47
3.44
3.72
3.52
4.46
4.24
3.81
3.53
3.2
3.59
3.51
3.7
3.57
3.03
3.17
3.39
3.63
4.31
4.78
3.57
3.36
3.42
3.55
3.55
3.96
3.43
3.4
3.4
3.5
