Strike
263
48
239
290
240
246
275
290
44
48
55
295
230
238
290
60
219
115
218
265
265
120
260
55
258
280
305
221
56
255
224
80
305
48
43
47
45
225
59
300
47
100
90
71
295
315
110
100
305
300
125
295
295
300
120
236
60
125
71
110
75
305
65
60
71
60
288
260
258
110
245
85
71
80
65
52
61
312
70
231
76
275
120
125
100
95
95
50
90
100
100
85
90
260
305
265
80
130
85
112
305
48
300
305
300
220
220
115
44
227
226
40
44
245
40
230
240
39
305
227
224
300
105
95
95
290
300
285
110
95
220
233
100
105
300
305
300
115
290
300
305
295
300
295
300
40
44
120
295
285
235
240
65
280
47
250
48
285
290
105
285
57
105
105
110
120
229
53
100
242
120
100
115
255
72
80
295
110
295
115
95
285
115
45
229
285
125
42
233
290
295
120
305
47
67
60
290
44
231
120
238
280
280
95
100
275
235
230
45
45
240
58
120
110
65
55
251
295
51
280
120
120
295
110
95
100
280
285
39
300
55
120
65
236
300
65
295
60
245
242
240
240
55
245
60
240
55
42
115
57
228
285
285
120
280
285
290
295
110
100
41
235
105
105
252
241
245
110
105
110
110
240
95
125
250
110
110
62
44
295
285
285
40
285
231
229
280
125
120
300
306
58
46
300
300
235
234
50
232
51
54
246
230
95
40
225
120
300
50
58
98
155
110
290
225
192
195
205
248
99
255
245
295
300
300
295
271
290
235
260
280
90
115
